% # columns="iteration, evaluation, min max(neg(.)) min(pos(.)) max correlation, correlation matrix principal axes lengths  (sorted square roots of eigenvalues of correlation matrix)", seed=407240, Sun Oct  6 13:26:14 2024
15 90 0.19438261761350234 0.19438261761350234 0.19438261761350234 0.19438261761350234 0.8975619100577394 1.0928781348409815
17 102 -0.08798018647907938 -0.08798018647907938 -0.08798018647907938 -0.08798018647907938 0.9549972845620665 1.0430628871161505
8 48 -0.4784959010558117 -0.4784959010558117 -0.4784959010558117 -0.4784959010558117 0.8661385703409138 1.1179463211477545
4 24 -0.3306037299885391 -0.3306037299885391 -0.3306037299885391 -0.3306037299885391 0.8898866726685447 1.0991368021347052
16 96 -0.1495591605150545 -0.1495591605150545 -0.1495591605150545 -0.1495591605150545 0.9392924130350881 1.057227394090184
1 6 0.04316792877875017 0.04316792877875017 0.04316792877875017 0.04316792877875017 0.9781779343356962 1.0213559265891348
9 54 0.37931300121458383 0.37931300121458383 0.37931300121458383 0.37931300121458383 0.787836911286477 1.1744415699448754
17 102 -0.08798018647907938 -0.08798018647907938 -0.08798018647907938 -0.08798018647907938 0.9549972845620665 1.0430628871161505
15 90 -0.04586951851221636 -0.04586951851221636 -0.04586951851221636 -0.04586951851221636 0.9767960285995144 1.022677621986624
12 72 0.18018832003561264 0.18018832003561264 0.18018832003561264 0.18018832003561264 0.9762307603229605 1.0232172313830794
16 96 0.20497874660987164 0.20497874660987164 0.20497874660987164 0.20497874660987164 0.8975619100577394 1.0928781348409815
10 60 0.26187785373015193 0.26187785373015193 0.26187785373015193 0.26187785373015193 0.787836911286477 1.1744415699448754
4 24 -0.5381071601306833 -0.5381071601306833 -0.5381071601306833 -0.5381071601306833 0.8113113180189331 1.1583496645030729
9 54 -0.62921370734913 -0.62921370734913 -0.62921370734913 -0.62921370734913 0.6089222385911603 1.2764065603674755
17 102 -0.02916086629847625 -0.02916086629847625 -0.02916086629847625 -0.02916086629847625 0.9853116936794792 1.0144756607718473
16 96 -0.07489273924278703 -0.07489273924278703 -0.07489273924278703 -0.07489273924278703 0.9767960285995144 1.022677621986624
2 12 0.20210137965828928 0.20210137965828928 0.20210137965828928 0.20210137965828928 0.9781779343356962 1.0213559265891348
13 78 0.20813336533841753 0.20813336533841753 0.20813336533841753 0.20813336533841753 0.8898688862195276 1.0991512022185197
5 30 -0.42167359195539894 -0.42167359195539894 -0.42167359195539894 -0.42167359195539894 0.7604777498682003 1.1923395455806198
17 102 -0.02916086629847625 -0.02916086629847625 -0.02916086629847625 -0.02916086629847625 0.9853116936794792 1.0144756607718473
10 60 -0.7516179457276677 -0.7516179457276677 -0.7516179457276677 -0.7516179457276677 0.6089222385911603 1.2764065603674755
17 102 0.29117508820428756 0.29117508820428756 0.29117508820428756 0.29117508820428756 0.8419174020031372 1.1362988551451978
5 30 -0.5855675681001784 -0.5855675681001784 -0.5855675681001784 -0.5855675681001784 0.6437642673369046 1.2591932211142889
17 102 -0.21001251347628863 -0.21001251347628863 -0.21001251347628863 -0.21001251347628863 0.8888124023232976 1.1000056879290618
14 84 0.11974653003033267 0.11974653003033267 0.11974653003033267 0.11974653003033267 0.8898688862195276 1.0991512022185197
11 66 -0.641948794114365 -0.641948794114365 -0.641948794114365 -0.641948794114365 0.5983738011357409 1.2813854978554913
17 102 -0.21001251347628863 -0.21001251347628863 -0.21001251347628863 -0.21001251347628863 0.8888124023232976 1.1000056879290618
17 102 0.29117508820428756 0.29117508820428756 0.29117508820428756 0.29117508820428756 0.8419174020031372 1.1362988551451978
11 66 0.33740172229276877 0.33740172229276877 0.33740172229276877 0.33740172229276877 0.8140013990818635 1.1564608606834772
6 36 -0.4701052727270739 -0.4701052727270739 -0.4701052727270739 -0.4701052727270739 0.6437642673369046 1.2591932211142889
3 18 0.0569974837210284 0.0569974837210284 0.0569974837210284 0.0569974837210284 0.9710831665099399 1.0281038292512232
15 90 -0.017749814816623993 -0.017749814816623993 -0.017749814816623993 -0.017749814816623993 0.9910853571632345 1.0088358710992704
6 36 -0.375103446744378 -0.375103446744378 -0.375103446744378 -0.375103446744378 0.7604777498682003 1.1923395455806198
12 72 0.410478701318107 0.410478701318107 0.410478701318107 0.410478701318107 0.8140013990818635 1.1564608606834772
12 72 -0.6574356737687554 -0.6574356737687554 -0.6574356737687554 -0.6574356737687554 0.5983738011357409 1.2813854978554913
16 96 -0.15783305057692454 -0.15783305057692454 -0.15783305057692454 -0.15783305057692454 0.9910853571632345 1.0088358710992704
7 42 -0.2762154904610338 -0.2762154904610338 -0.2762154904610338 -0.2762154904610338 0.8507552583081496 1.1296970790707719
13 78 0.3314733129220795 0.3314733129220795 0.3314733129220795 0.3314733129220795 0.8176348127849747 1.1538948448286264
7 42 -0.49180587200072734 -0.49180587200072734 -0.49180587200072734 -0.49180587200072734 0.7128773583157713 1.2213950515704275
4 24 -0.0172071180372777 -0.0172071180372777 -0.0172071180372777 -0.0172071180372777 0.9710831665099399 1.0281038292512232
17 102 -0.07355002360563173 -0.07355002360563173 -0.07355002360563173 -0.07355002360563173 0.9625227147420305 1.0361225910121021
8 48 -0.27547253657330906 -0.27547253657330906 -0.27547253657330906 -0.27547253657330906 0.8507552583081496 1.1296970790707719
13 78 -0.5291311525189821 -0.5291311525189821 -0.5291311525189821 -0.5291311525189821 0.6861988396092038 1.236580427032137
17 102 -0.07355002360563173 -0.07355002360563173 -0.07355002360563173 -0.07355002360563173 0.9625227147420305 1.0361225910121021
14 84 0.14038640524587756 0.14038640524587756 0.14038640524587756 0.14038640524587756 0.8176348127849747 1.1538948448286264
9 54 -0.03545685481554876 -0.03545685481554876 -0.03545685481554876 -0.03545685481554876 0.9821115747125941 1.017574004589125
8 48 -0.6640399048196204 -0.6640399048196204 -0.6640399048196204 -0.6640399048196204 0.7128773583157713 1.2213950515704275
15 90 -0.026709170072889792 -0.026709170072889792 -0.026709170072889792 -0.026709170072889792 0.9865550313728628 1.0132665839120967
5 30 -0.005424562707379505 -0.005424562707379505 -0.005424562707379505 -0.005424562707379505 0.9972840304008787 1.0027086130613316
14 84 -0.5218308187390318 -0.5218308187390318 -0.5218308187390318 -0.5218308187390318 0.6861988396092038 1.236580427032137
10 60 -0.24604982081200139 -0.24604982081200139 -0.24604982081200139 -0.24604982081200139 0.9821115747125941 1.017574004589125
16 96 0.11473518514032738 0.11473518514032738 0.11473518514032738 0.11473518514032738 0.9865550313728628 1.0132665839120967
9 54 -0.694646033576248 -0.694646033576248 -0.694646033576248 -0.694646033576248 0.552588424076864 1.301785709545257
11 66 -0.4393537409516288 -0.4393537409516288 -0.4393537409516288 -0.4393537409516288 0.7487631528383132 1.1997306951777256
6 36 0.002029583597753665 0.002029583597753665 0.002029583597753665 0.002029583597753665 0.9972840304008787 1.0027086130613316
15 90 -0.44273097539062356 -0.44273097539062356 -0.44273097539062356 -0.44273097539062356 0.7465045375678413 1.2011373674108317
17 102 -0.014111411325103188 -0.014111411325103188 -0.014111411325103188 -0.014111411325103188 0.9929192256547844 1.0070309882645634
17 102 -0.014111411325103188 -0.014111411325103188 -0.014111411325103188 -0.014111411325103188 0.9929192256547844 1.0070309882645634
12 72 -0.5631987458276537 -0.5631987458276537 -0.5631987458276537 -0.5631987458276537 0.7487631528383132 1.1997306951777256
10 60 -0.7274279879711167 -0.7274279879711167 -0.7274279879711167 -0.7274279879711167 0.552588424076864 1.301785709545257
16 96 -0.39477745243750995 -0.39477745243750995 -0.39477745243750995 -0.39477745243750995 0.7465045375678413 1.2011373674108317
7 42 0.12637406508553867 0.12637406508553867 0.12637406508553867 0.12637406508553867 0.9346795894393229 1.0613077146075678
13 78 -0.681503376376504 -0.681503376376504 -0.681503376376504 -0.681503376376504 0.5643550510303741 1.2967279500251794
11 66 -0.6840573614574558 -0.6840573614574558 -0.6840573614574558 -0.6840573614574558 0.5620877498598812 1.297712356979564
14 84 -0.7159939730871276 -0.7159939730871276 -0.7159939730871276 -0.7159939730871276 0.5643550510303741 1.2967279500251794
17 102 -0.23027194731855774 -0.23027194731855774 -0.23027194731855774 -0.23027194731855774 0.8773414686890403 1.1091762471846203
8 48 0.2181827921858358 0.2181827921858358 0.2181827921858358 0.2181827921858358 0.9346795894393229 1.0613077146075678
17 102 -0.23027194731855774 -0.23027194731855774 -0.23027194731855774 -0.23027194731855774 0.8773414686890403 1.1091762471846203
15 90 -0.7440059805012146 -0.7440059805012146 -0.7440059805012146 -0.7440059805012146 0.5059585155907402 1.3206081858375762
12 72 -0.5669690620453932 -0.5669690620453932 -0.5669690620453932 -0.5669690620453932 0.5620877498598812 1.297712356979564
9 54 0.15676164427991324 0.15676164427991324 0.15676164427991324 0.15676164427991324 0.9182801074400375 1.0755285418248617
16 96 -0.7065759659240608 -0.7065759659240608 -0.7065759659240608 -0.7065759659240608 0.5059585155907402 1.3206081858375762
17 102 -0.5856681355782151 -0.5856681355782151 -0.5856681355782151 -0.5856681355782151 0.6436861536663538 1.2592331537797974
17 102 -0.5856681355782151 -0.5856681355782151 -0.5856681355782151 -0.5856681355782151 0.6436861536663538 1.2592331537797974
13 78 -0.5428170239379821 -0.5428170239379821 -0.5428170239379821 -0.5428170239379821 0.6761530714727382 1.242101857312025
10 60 0.32910329005884514 0.32910329005884514 0.32910329005884514 0.32910329005884514 0.9182801074400375 1.0755285418248617
14 84 -0.4557568599435552 -0.4557568599435552 -0.4557568599435552 -0.4557568599435552 0.6761530714727382 1.242101857312025
11 66 0.19729119078395363 0.19729119078395363 0.19729119078395363 0.19729119078395363 0.8959401817175331 1.0942080198865083
15 90 -0.4312772769318205 -0.4312772769318205 -0.4312772769318205 -0.4312772769318205 0.7541370718033822 1.196360011422908
12 72 0.09981077665614205 0.09981077665614205 0.09981077665614205 0.09981077665614205 0.8959401817175331 1.0942080198865083
16 96 -0.2153961501625416 -0.2153961501625416 -0.2153961501625416 -0.2153961501625416 0.7541370718033822 1.196360011422908
13 78 -0.0490199134401952 -0.0490199134401952 -0.0490199134401952 -0.0490199134401952 0.9751820786703398 1.0242167316736215
14 84 -0.008103694443030083 -0.008103694443030083 -0.008103694443030083 -0.008103694443030083 0.9751820786703398 1.0242167316736215
17 102 -0.2197424804481244 -0.2197424804481244 -0.2197424804481244 -0.2197424804481244 0.8833218663385819 1.104419521942692
17 102 -0.2197424804481244 -0.2197424804481244 -0.2197424804481244 -0.2197424804481244 0.8833218663385819 1.104419521942692
15 90 -0.024881506717505143 -0.024881506717505143 -0.024881506717505143 -0.024881506717505143 0.9874808824896283 1.0123643152134043
16 96 -0.27366933889266204 -0.27366933889266204 -0.27366933889266204 -0.27366933889266204 0.9874808824896283 1.0123643152134043
17 102 -0.2871664968951521 -0.2871664968951521 -0.2871664968951521 -0.2871664968951521 0.8442946778849478 1.1345336032463527
17 102 -0.2871664968951521 -0.2871664968951521 -0.2871664968951521 -0.2871664968951521 0.8442946778849478 1.1345336032463527
