% # columns="iteration, evaluation, sigma, void, void,  stds==sigma*sigma_vec.scaling*sqrt(diag(C))", seed=407240, Sun Oct  6 13:26:14 2024, <python>{}</python>
15 90 0.6074768167936018 0 0 0.03258600206360912 1.4394525351134153
17 102 0.3702045841272514 0 0 0.024048061601320527 0.8363241431164878
8 48 0.2559443363378572 0 0 0.0582455705678013 0.3181577876739978
4 24 0.35627594245498945 0 0 0.15580806279769907 0.3414526652939453
16 96 0.15276402792208446 0 0 0.007472483930131145 0.1678922823287567
1 6 0.44665774749474413 0 0 0.2398915414921869 0.4612433464345222
9 54 0.21269262256032528 0 0 0.044974707514575045 0.2437240893865891
17 102 0.3702045841272514 0 0 0.024048061601320527 0.8363241431164878
15 90 0.09616533131704341 0 0 0.008761041593812916 0.07102868408310657
12 72 0.4825120250869184 0 0 0.054193117679795094 0.8853773836384078
16 96 0.6562173815678655 0 0 0.029427295673908636 1.6745976776821139
10 60 0.19320331885759268 0 0 0.03744627406147466 0.19861846267484734
4 24 0.3661471709873852 0 0 0.14148987190023005 0.40135516694826445
9 54 0.20853308381637603 0 0 0.04383544888315563 0.2542064279331796
17 102 0.13822360437343012 0 0 0.0057505723384415905 0.14887332596926878
16 96 0.07611735203331783 0 0 0.0054005804240397325 0.055217378234505725
2 12 0.4227374588735195 0 0 0.18446653124667223 0.47832623202912117
13 78 0.3937799861516231 0 0 0.03456463859627794 0.7588377901370396
17 102 0.13822360437343012 0 0 0.0057505723384415905 0.14887332596926878
10 60 0.26617756629484823 0 0 0.05881981388584093 0.4240832434135756
5 30 0.32766048010310134 0 0 0.12024824107752723 0.3309880897892292
17 102 0.5337294730693122 0 0 0.02202438392894651 1.227408367511311
5 30 0.3402555137648906 0 0 0.11258938904378162 0.41510581106671224
17 102 0.05388361534883889 0 0 0.003172160055638493 0.036668891724843354
14 84 0.34245574661145123 0 0 0.03256614094850108 0.5399022019125372
11 66 0.3175092458475607 0 0 0.07456928133024263 0.41294094585238406
17 102 0.05388361534883889 0 0 0.003172160055638493 0.036668891724843354
17 102 0.5337294730693122 0 0 0.02202438392894651 1.227408367511311
11 66 0.17927576471571907 0 0 0.03135222571172145 0.17852887865435763
6 36 0.356843592525329 0 0 0.09648639915203051 0.47857743965164995
3 18 0.34536408213879377 0 0 0.12663070044755903 0.36227103135820427
15 90 0.40112725679842864 0 0 0.045935434608682366 0.580924143195498
6 36 0.35729661798174905 0 0 0.1104958956945162 0.43368135194449875
12 72 0.16187736809070985 0 0 0.0259217755371677 0.15912608595972433
12 72 0.32898689217641913 0 0 0.07388493063292732 0.46368544166465214
16 96 0.49822894886918256 0 0 0.04864713725118647 0.9375888474931378
7 42 0.35504418869165427 0 0 0.09815186130524577 0.4287533049291784
13 78 0.14777784466397587 0 0 0.022673426433907372 0.12274348484894697
7 42 0.33065594555845046 0 0 0.07936891712590059 0.46965865151891756
4 24 0.34153112641993694 0 0 0.10163507713341365 0.3875693925337698
8 48 0.4446304205534811 0 0 0.10510887118604818 0.7257840718128814
17 102 0.46920643198752493 0 0 0.038082663364594024 0.8429443611499444
13 78 0.4268666892150384 0 0 0.08257555658390561 0.7041447841570235
17 102 0.46920643198752493 0 0 0.038082663364594024 0.8429443611499444
14 84 0.13774614003782565 0 0 0.017676928395837063 0.1148640500283201
9 54 0.5247265930479591 0 0 0.1302731926345607 0.7789957964168762
8 48 0.33651558355874356 0 0 0.0884067016546224 0.44812119686264806
15 90 0.15290288827248422 0 0 0.016476410189205464 0.14513504382301973
5 30 0.3250884344969998 0 0 0.08960351013219611 0.35087007901567896
14 84 0.32644795199442933 0 0 0.050698806125774966 0.5480967764382565
10 60 0.4489951191354298 0 0 0.09692617301046241 0.6194354776862556
16 96 0.17813654663171746 0 0 0.017709194031988312 0.1857408969223489
9 54 0.3309400711887293 0 0 0.091996382130201 0.4208329745964194
11 66 0.4302688191154179 0 0 0.0787575619674255 0.6500607847669279
6 36 0.4354967439613564 0 0 0.10782465320621094 0.6051399699012431
15 90 0.34553179009656393 0 0 0.049029792845157454 0.6203358313727386
17 102 0.22884532724342135 0 0 0.020096884543959394 0.2865467027180651
17 102 0.22884532724342135 0 0 0.020096884543959394 0.2865467027180651
12 72 0.3887523721692646 0 0 0.07354776093605053 0.5579020344701758
10 60 0.2970792999764689 0 0 0.07458355254649149 0.38791163818958274
16 96 0.2989795221524639 0 0 0.03287642744845709 0.5501873070148171
7 42 0.4408047562311398 0 0 0.09278310272107834 0.6059976367946956
13 78 0.3599236263573657 0 0 0.06881247513655725 0.4852898182415733
14 84 0.2917619544346526 0 0 0.047749213615892835 0.38906208492372146
11 66 0.23838940869056385 0 0 0.05160869693561396 0.2672429122498211
17 102 0.224724385397026 0 0 0.01985201592097063 0.3695322164990292
8 48 0.3249580312352749 0 0 0.05801288159154691 0.40876672514435786
17 102 0.224724385397026 0 0 0.01985201592097063 0.3695322164990292
15 90 0.2662316543317658 0 0 0.04080435917575192 0.33284731186054056
12 72 0.2158665408448098 0 0 0.0375436479689526 0.2195538828019228
9 54 0.2666828601805406 0 0 0.04162381901179197 0.32321442961599267
16 96 0.23914531541471892 0 0 0.030040807557051713 0.287455922642018
17 102 0.22406475104047166 0 0 0.022125286278052207 0.2486721237146727
17 102 0.22406475104047166 0 0 0.022125286278052207 0.2486721237146727
13 78 0.19144648615865942 0 0 0.02659354425048048 0.19411546654389153
10 60 0.2695040057095407 0 0 0.03909433462085939 0.33912281687141466
14 84 0.1733783225440013 0 0 0.020594074754851897 0.1600636095076501
11 66 0.2140214118028446 0 0 0.026715762395213293 0.23698309261204703
12 72 0.20948677949642158 0 0 0.021970701206753044 0.24207419762934201
15 90 0.17497269984219022 0 0 0.01670224016166181 0.17331843061877972
16 96 0.15977416027187313 0 0 0.012349427269374073 0.14350766666769169
13 78 0.19047918811020575 0 0 0.017374936693127743 0.21131413891028517
14 84 0.17102882454725965 0 0 0.012765025711707042 0.18765526035491378
17 102 0.20489835971001455 0 0 0.013850768356422674 0.2356727541338853
17 102 0.20489835971001455 0 0 0.013850768356422674 0.2356727541338853
15 90 0.13257591551022477 0 0 0.007872016930736718 0.14192544476403385
16 96 0.11547526241309268 0 0 0.0064201069086144875 0.11226781002840097
17 102 0.10157682719010862 0 0 0.00439071542535241 0.1017363860803887
17 102 0.10157682719010862 0 0 0.00439071542535241 0.1017363860803887
